526 213
161 3
161 4
161 12
161 19
161 21
161 29
161 54
161 93
161 99
161 104
161 107
161 108
161 110
161 111
161 113
161 114
161 123
161 129
161 136
161 143
161 155
161 160
161 175
161 180
161 181
161 185
161 188
161 197
161 200
161 201
161 218
161 223
161 229
161 238
161 259
161 261
161 266
161 270
161 273
161 292
161 330
161 516
537 114
537 206
240 186
240 206
735 186
736 2
736 3
736 5
736 6
736 41
736 42
736 66
736 111
736 114
736 121
736 160
736 170
736 176
736 177
736 179
736 224
736 266
736 289
791 5
791 99
791 111
791 213
791 292
350 114
350 134
350 174
404 18
404 51
404 94
404 102
404 113
404 116
404 119
404 129
404 141
404 134
404 171
404 180
404 174
404 200
404 201
404 202
404 203
404 212
404 217
404 234
404 240
404 249
404 270
404 273
404 292
404 525
421 186
604 186
606 51
606 113
606 133
606 171
606 174
606 201
606 208
606 209
606 273
740 186
161 53
812 186
614 110
614 330
537 13
537 14
240 430
161 52
240 12
537 155
526 40
526 41
526 42
537 154
526 5
526 52
526 53
240 202
526 262
240 111
