75 177
111 40
111 41
111 42
111 134
111 262
125 262
126 51
126 139
126 186
126 240
126 290
138 0
138 1
138 2
138 3
138 9
138 13
138 14
138 29
138 40
138 41
138 42
138 51
138 52
138 53
138 54
138 66
138 67
138 107
138 111
138 114
138 125
138 131
138 132
138 134
138 135
138 136
138 137
138 138
138 151
138 156
138 157
138 168
138 169
138 170
138 181
138 186
138 190
138 206
138 210
138 211
138 222
138 223
138 224
138 234
138 239
138 240
138 501
138 502
138 503
138 536
138 538
161 0
161 1
161 2
161 5
161 6
161 7
161 8
161 17
161 18
161 20
161 31
161 45
161 51
161 65
161 66
161 67
161 70
161 94
161 97
161 98
161 102
161 109
161 117
161 121
161 122
161 124
161 125
161 130
161 131
161 132
161 133
161 134
161 141
161 145
161 149
161 153
161 154
161 164
161 168
161 169
161 171
161 174
161 176
161 177
161 179
161 186
161 187
161 202
161 204
161 206
161 207
161 208
161 209
161 212
161 213
161 214
161 217
161 233
161 234
161 239
161 240
161 249
161 252
161 253
161 254
161 255
161 275
161 283
161 291
161 311
161 329
161 332
161 335
161 351
161 389
161 430
161 438
161 439
161 466
161 482
161 499
161 501
161 502
161 503
161 508
161 511
161 521
161 522
161 525
162 40
162 41
162 42
162 214
240 0
240 1
240 2
240 3
240 4
240 13
240 14
240 155
240 176
240 177
240 210
240 211
241 40
241 41
241 42
241 134
262 259
340 277
350 3
350 17
350 32
350 40
350 41
350 42
350 54
350 57
350 72
350 94
350 100
350 108
350 129
350 133
350 141
350 143
350 149
350 157
350 164
350 176
350 182
350 200
350 221
350 236
350 239
350 269
350 273
350 276
350 293
350 294
350 299
350 301
350 302
350 303
350 305
350 313
350 318
350 324
350 325
350 337
350 352
350 373
350 374
350 411
350 420
350 438
350 449
350 450
350 474
350 490
350 495
350 507
350 509
350 513
350 518
350 519
350 520
350 521
350 522
350 536
350 539
398 119
398 213
398 214
398 259
398 327
404 0
404 1
404 2
404 3
404 4
404 5
404 6
404 7
404 8
404 9
404 10
404 11
404 15
404 19
404 21
404 40
404 41
404 42
404 54
404 66
404 67
404 111
404 114
404 130
404 133
404 154
404 175
404 176
404 177
404 179
404 186
404 188
404 193
404 206
404 207
404 213
404 214
404 229
404 235
404 236
404 237
404 269
404 278
404 305
404 312
404 356
404 382
404 383
404 384
404 395
404 403
404 407
404 411
404 430
404 482
404 518
404 519
404 520
404 537
407 31
407 149
407 206
407 208
407 259
407 330
407 350
407 351
407 488
407 516
428 24
428 100
428 101
428 154
428 217
428 430
428 474
471 52
471 53
471 113
471 133
471 134
471 171
471 172
471 174
471 179
482 109
482 123
482 156
482 158
482 159
482 186
482 200
482 201
482 217
482 222
482 223
482 248
482 292
482 344
482 348
482 475
482 482
520 182
520 375
520 376
520 424
520 425
520 499
524 111
524 140
524 231
524 365
524 366
524 427
524 457
524 482
526 6
526 113
526 135
526 136
526 137
526 138
526 186
526 214
526 278
526 279
526 321
526 322
526 382
526 397
536 54
536 119
536 213
536 214
536 224
536 259
536 327
536 369
536 370
536 539
537 0
537 1
537 2
537 3
537 6
537 8
537 9
537 12
537 52
537 53
537 130
537 186
537 202
537 212
537 430
537 482
604 31
604 110
604 149
604 206
604 208
604 259
604 278
604 317
604 350
604 351
604 382
604 488
604 516
606 0
606 3
606 4
606 5
606 11
606 66
606 67
606 72
606 94
606 97
606 107
606 121
606 128
606 129
606 131
606 135
606 136
606 137
606 138
606 146
606 147
606 149
606 158
606 164
606 169
606 178
606 180
606 181
606 186
606 188
606 190
606 195
606 210
606 213
606 221
606 249
606 259
606 261
606 262
606 263
606 264
606 266
606 269
606 271
606 275
606 276
606 277
606 288
606 289
606 305
606 308
612 201
612 202
614 31
614 149
614 206
614 208
614 259
614 350
614 351
614 488
614 516
617 97
617 98
617 109
617 134
617 171
624 52
624 53
624 104
685 287
685 352
685 369
685 370
685 371
685 372
685 382
685 539
699 55
699 73
699 159
699 202
699 234
699 402
699 419
699 420
699 474
699 498
732 430
733 5
733 40
733 41
733 42
733 135
733 136
733 214
733 262
735 17
735 18
735 54
735 93
735 105
735 116
735 122
735 125
735 130
735 131
735 132
735 133
735 135
735 140
735 158
735 159
735 160
735 161
735 162
735 174
735 179
735 185
735 197
735 200
735 206
735 209
735 210
735 211
735 249
735 259
735 265
735 268
735 269
735 273
735 276
735 277
735 280
735 286
735 287
735 289
735 292
735 305
735 310
735 329
735 338
735 342
735 343
735 347
735 380
735 383
735 397
735 405
735 426
735 450
735 459
735 461
735 468
735 471
735 484
735 492
735 499
735 508
735 518
735 519
735 520
735 521
735 524
735 525
736 7
736 8
736 9
736 15
736 18
736 19
736 51
736 52
736 53
736 54
736 92
736 113
736 122
736 129
736 131
736 132
736 133
736 135
736 136
736 140
736 141
736 149
736 153
736 156
736 157
736 171
736 174
736 185
736 186
736 187
736 191
736 200
736 207
736 208
736 209
736 213
736 214
736 215
736 217
736 222
736 223
736 230
736 235
736 240
736 249
736 273
736 298
736 312
736 344
736 482
736 525
750 292
770 213
791 15
791 19
791 52
791 53
791 94
791 114
791 115
791 123
791 129
791 130
791 131
791 132
791 137
791 138
791 149
791 153
791 154
791 186
791 201
791 206
791 207
791 208
791 210
791 211
791 212
791 215
791 236
791 237
791 249
791 252
791 253
791 302
791 311
791 482
791 539
812 299
699 540
