0 0
1 1
1 2
1 3
1 4
1 5
2 5
3 6
3 7
3 8
3 9
3 10
4 11
4 12
4 13
4 14
4 15
4 16
4 17
4 18
4 1
4 2
4 3
4 6
4 19
4 20
4 21
4 22
4 23
4 24
4 25
4 26
4 27
4 28
4 29
4 4
4 30
4 31
4 32
4 33
4 34
4 35
4 36
4 37
4 38
4 39
4 40
4 8
4 41
4 42
4 43
4 44
4 45
4 46
4 47
4 48
4 49
4 9
4 50
4 51
4 52
4 53
4 54
5 11
5 12
5 13
5 55
5 56
5 57
5 58
5 59
5 60
5 61
5 62
5 63
5 6
5 64
5 22
5 23
5 65
5 66
5 67
5 68
5 69
5 70
5 71
5 72
5 73
5 74
5 27
5 75
5 28
5 29
5 76
5 4
5 77
5 78
5 79
5 80
5 81
5 82
5 37
5 38
5 83
5 84
5 85
5 0
5 86
5 8
5 87
5 88
5 89
5 42
5 90
5 91
5 92
5 93
5 94
5 95
5 96
5 97
5 48
5 49
5 9
5 98
5 99
5 100
5 101
5 102
5 103
5 104
5 105
5 106
5 107
5 108
5 109
5 110
5 111
5 112
5 113
5 114
5 115
5 116
5 117
5 50
5 51
5 52
5 118
5 119
5 120
5 121
5 122
6 1
6 2
6 3
6 95
7 11
7 12
7 13
7 14
7 123
7 16
7 17
7 124
7 85
7 0
7 43
7 44
8 1
8 2
8 3
8 4
9 125
10 126
11 14
11 59
11 127
11 1
11 2
11 3
11 21
11 128
11 129
11 66
11 130
11 131
11 132
11 76
11 77
11 133
11 79
11 36
11 82
11 85
11 134
11 135
11 136
11 137
11 49
11 138
11 139
11 140
11 141
11 142
11 143
11 144
11 145
11 146
11 147
11 148
11 149
11 150
11 151
11 152
11 153
11 154
11 155
11 156
11 157
11 113
11 158
11 159
11 160
11 161
11 162
11 163
11 164
11 165
11 166
11 167
11 168
11 120
11 121
11 53
11 169
12 170
12 94
12 95
12 125
12 171
13 11
13 12
13 13
13 14
13 123
13 55
13 56
13 57
13 58
13 15
13 172
13 173
13 174
13 175
13 176
13 1
13 2
13 3
13 21
13 22
13 23
13 25
13 26
13 75
13 76
13 81
13 177
13 85
13 0
13 86
13 8
13 178
13 179
13 42
13 90
13 94
13 95
13 180
13 181
13 137
13 182
13 138
13 183
13 147
13 184
13 185
13 186
13 187
13 188
13 189
13 190
13 191
13 156
13 112
13 116
13 166
13 167
13 168
13 192
14 62
14 79
14 42
14 91
14 125
14 193
14 194
14 110
14 195
14 196
15 197
15 130
15 198
15 81
15 96
15 112
15 160
16 19
16 20
16 199
16 76
16 4
16 83
16 200
16 84
16 86
17 70
17 201
17 35
17 202
17 203
17 8
17 135
17 204
17 96
17 45
17 46
17 205
17 206
17 207
17 208
17 209
17 116
18 134
18 210
18 211
18 212
18 213
18 117
19 25
19 214
19 215
19 216
19 217
19 218
19 219
19 116
20 56
20 199
20 30
20 31
20 32
20 33
20 8
20 95
20 183
20 220
20 221
20 222
20 186
20 223
21 21
21 170
21 94
21 95
21 47
21 125
21 171
21 224
21 225
21 169
22 11
22 12
22 13
22 14
22 56
22 58
22 15
22 226
22 19
22 20
22 75
22 8
22 88
22 93
22 112
22 116
23 62
23 227
23 79
23 42
23 91
23 125
23 183
23 228
23 194
23 110
23 186
23 195
23 196
24 11
24 14
24 123
24 55
24 173
24 22
24 23
24 129
24 66
24 67
24 24
24 72
24 229
24 132
24 28
24 30
24 31
24 32
24 33
24 230
24 231
24 79
24 202
24 82
24 38
24 232
24 233
24 40
24 8
24 178
24 41
24 234
24 43
24 94
24 136
24 98
24 125
24 235
24 5
24 236
24 237
24 238
24 138
24 239
24 103
24 140
24 126
24 240
24 241
24 147
24 242
25 204
25 88
26 62
26 79
26 42
26 91
26 125
26 194
26 110
26 195
26 196
27 67
27 68
27 70
27 4
27 83
28 19
28 20
28 243
29 244
29 153
29 224
29 225
29 245
29 246
29 186
29 169
30 247
30 248
30 203
30 88
30 48
30 249
30 250
30 157
30 160
30 251
31 112
32 55
32 1
32 2
32 3
32 30
32 31
32 95
32 5
33 59
33 60
33 21
33 252
33 253
33 254
33 73
33 27
33 75
33 28
33 29
33 76
33 30
33 214
33 202
33 203
33 255
33 256
33 257
33 84
33 86
33 258
33 259
33 135
33 42
33 92
33 43
33 44
33 98
33 125
33 260
33 261
33 138
33 139
33 140
33 126
33 262
33 263
33 244
33 241
33 206
33 147
33 264
33 107
33 265
33 266
33 267
33 268
33 269
33 187
33 223
33 270
33 271
33 159
33 272
33 273
33 274
33 275
33 276
33 277
33 117
33 118
33 166
33 167
33 168
33 120
33 278
33 122
34 57
34 58
34 15
34 174
34 60
34 175
34 6
34 19
34 20
34 21
34 279
34 199
34 73
34 132
34 28
34 29
34 76
34 30
34 31
34 214
34 77
34 79
34 80
34 35
34 36
34 83
34 84
34 258
34 8
34 87
34 280
34 135
34 90
34 91
34 92
34 94
34 95
34 281
34 96
34 45
34 46
34 282
34 181
34 9
34 98
34 139
34 283
34 184
34 207
34 116
34 122
35 206
36 94
37 174
37 175
37 19
37 20
37 66
37 26
37 284
37 201
37 132
37 75
37 28
37 29
37 32
37 33
37 79
37 80
37 81
37 8
37 204
37 42
37 90
37 91
37 43
37 44
37 93
37 281
37 137
37 182
37 98
37 99
37 100
37 145
37 106
37 116
37 169
38 143
30 285
